lastAccountName: SovietPhenix
timestamps:
  login: 1591483875873
  logout: 1591483964527
  lastteleport: 1586315812855
ipAddress: 127.0.0.1
money: '0.0'
logoutlocation:
  world: bskyblock_world
  x: 7.776760240991093
  y: 107.0
  z: 30.064021123582386
  yaw: -221.96164
  pitch: 27.450096
lastlocation:
  world: bskyblock_world
  x: -0.5
  y: 109.0
  z: 107.5
  yaw: -174.90009
  pitch: 3.0000775
afk: false
