lastAccountName: VEX_Jiarg
timestamps:
  login: 1586646179377
  logout: 1586646198116
  lastteleport: 1586315913305
ipAddress: 127.0.0.1
money: '-132.0'
afk: false
logoutlocation:
  world: bskyblock_world
  x: -1.2748868084481637
  y: 125.0
  z: 12.646045965879544
  yaw: 340.01666
  pitch: 23.399265
lastlocation:
  world: bskyblock_world
  x: 0.8036896141515628
  y: 40.56415135007383
  z: 15.679220656672744
  yaw: 346.34882
  pitch: -38.24969
