world: world
x: -7.539675675046067
y: 5.0
z: -7.649172813289615
yaw: 0.54420996
pitch: 37.199978
name: plot
lastowner: aab764fe-6dd0-3705-a28a-86ae47e1c0b6
