world: bskyblock_world
x: 4.302207455170696
y: 107.0
z: 17.702922334722693
yaw: -177.75044
pitch: 4.3501005
name: skystore
lastowner: d2b085ff-98ac-30bb-94b9-4276760f21bc
