world: hg
x: 350.3407645777036
y: 68.0
z: 350.5497742465624
yaw: -273.14996
pitch: 75.44997
name: hg1
lastowner: aab764fe-6dd0-3705-a28a-86ae47e1c0b6
