world: Paradise
x: 54.43216712790292
y: 116.0
z: 0.5150266517921412
yaw: 269.2511
pitch: 82.20047
name: Paradise
lastowner: d2b085ff-98ac-30bb-94b9-4276760f21bc
