lastAccountName: Charlieseeese
timestamps:
  login: 1586991160903
  logout: 1586991169544
ipAddress: 127.0.0.1
lastlocation:
  world: world
  x: 0.5438790695123901
  y: 100.0
  z: 0.5256363518871026
  yaw: 89.54975
  pitch: 3.1500316
logoutlocation:
  world: world
  x: 1.494138363825432
  y: 100.0
  z: 1.8833953614787888
  yaw: -83.99998
  pitch: 19.649994
