lastAccountName: SovietPhenix
timestamps:
  login: 1591919450513
  logout: 1591923978455
ipAddress: 127.0.0.1
lastlocation:
  world: world
  x: 0.5
  y: 100.0
  z: 0.5
  yaw: 0.0
  pitch: -90.0
logoutlocation:
  world: world
  x: -61.13618590070949
  y: 95.1238932910233
  z: -104.96984349572425
  yaw: -269.0442
  pitch: 18.149763
money: '0.0'
afk: false
