lastAccountName: SovietPhenix
timestamps:
  login: 1591484106152
  logout: 1591484009106
ipAddress: 127.0.0.1
lastlocation:
  world: world
  x: 0.5
  y: 100.0
  z: 0.5
  yaw: 0.0
  pitch: -90.0
logoutlocation:
  world: world
  x: -106.47425672147119
  y: 103.87371549747446
  z: -91.20523033508903
  yaw: -342.00067
  pitch: 19.34998
money: '0.0'
afk: false
