lastAccountName: GemmaGemGem
timestamps:
  login: 1590519343286
  logout: 1590519413365
ipAddress: 127.0.0.1
lastlocation:
  world: world
  x: 0.5438790695123901
  y: 100.0
  z: 0.5256363518871026
  yaw: 89.54975
  pitch: 3.1500316
logoutlocation:
  world: world
  x: -65.46949908870435
  y: 93.0
  z: 11.57042833170881
  yaw: 118.94959
  pitch: 56.099995
money: '500.0'
