lastAccountName: dudesentee
timestamps:
  login: 1592018154426
  logout: 1592018246511
  lastteleport: 1584844407224
ipAddress: 127.0.0.1
lastlocation:
  world: world
  x: 0.5
  y: 96.0
  z: 11.5
  yaw: 0.0
  pitch: 0.0
logoutlocation:
  world: world
  x: -31.462972175624447
  y: 94.0
  z: -5.893002282708413
  yaw: 9.450005
  pitch: 9.300002
afk: false
money: '222.0'
