lastAccountName: VEX_Jiarg
timestamps:
  login: 1592018564057
  logout: 1592019265377
  lastteleport: 1584382947542
ipAddress: 127.0.0.1
lastlocation:
  world: world
  x: 11.43711158373941
  y: 96.54812498502433
  z: -3.578308920440341
  yaw: -309.74628
  pitch: -23.400024
logoutlocation:
  world: world
  x: -85.83152579512688
  y: 90.49520087700593
  z: 8.494314454012297
  yaw: -227.3935
  pitch: 19.351313
afk: false
money: '500.0'
