lastAccountName: VEX_Jiarg
timestamps:
  login: 1591483969936
  logout: 1591483997857
  lastteleport: 1584382947542
ipAddress: 127.0.0.1
lastlocation:
  world: world
  x: 11.43711158373941
  y: 96.54812498502433
  z: -3.578308920440341
  yaw: -309.74628
  pitch: -23.400024
logoutlocation:
  world: world
  x: -0.673160392621599
  y: 100.0
  z: -1.2118306543744288
  yaw: -22.2001
  pitch: 10.800008
afk: false
money: '500.0'
