arenas:
  Swamp:
    bound:
      world: hg
      x: 200
      y: 52
      z: 200
      x2: 500
      y2: 95
      z2: 500
    info:
      cost: 0
      timer: 600
      min-players: 2
      max-players: 12
    commands:
    - none
    spawns:
    - hg:356:64:367:-204.29706:13.199972
    - hg:364:64:364:-226.19727:24.599907
    - hg:367:64:356:-253.79828:36.449936
    - hg:367:64:344:-298.049:34.949944
    - hg:364:64:336:-316.05054:33.299946
    - hg:356:64:333:-339.60126:35.099968
    - hg:344:64:333:-35.852173:42.300014
    - hg:336:64:336:-55.052856:33.450012
    - hg:333:64:344:-68.4046:35.250076
    - hg:333:64:356:-114.30591:37.95009
    - hg:336:64:364:-147.15729:41.250107
    - hg:344:64:367:-149.1073:40.050095
    lobbysign: world:-23:14:-8
    border:
      center: hg:350:68:350
      size: 300
      countdown-start: 540
      countdown-end: 60
  OreCity:
    bound:
      world: oreCity
      x: -13
      y: 112
      z: 81
      x2: 164
      y2: 4
      z2: -12
    info:
      cost: 100
      timer: 600
      min-players: 2
      max-players: 8
    commands:
    - none
    border:
      center: oreCity:132:29:30
      size: 20
      countdown-start: 570
      countdown-end: 60
    spawns:
    - oreCity:85:23:53:-180.14355:1.6498077
    - oreCity:52:19:52:-175.4751:-3.600235
    - oreCity:28:13:66:-179.66199:4.4997387
    - oreCity:7:18:25:-187.7561:21.449865
    - oreCity:21:18:11:-358.44812:-4.1999645
    - oreCity:53:19:6:-358.5874:3.4502912
    - oreCity:90:20:2:-355.28284:6.9003115
    - oreCity:90:19:29:-302.6242:-10.79998
    lobbysign: world:-25:14:-40
