arenas:
  arena1:
    bound:
      world: hg
      x: 100
      y: 53
      z: 100
      x2: 600
      y2: 126
      z2: 600
    info:
      cost: 0
      timer: 600
      min-players: 2
      max-players: 12
    commands:
    - none
    lobbysign: hg:-1:105:-16
    border:
      size: 500
      center: hg:350:68:350
      countdown-start: 570
      countdown-end: 60
    spawns:
    - hg:344:64:367:-178.15692:14.250283
    - hg:356:64:366:-177.55841:37.95031
    - hg:364:64:364:-220.60944:19.200306
    - hg:367:64:356:-276.1098:11.550331
    - hg:366:64:344:-286.75977:13.650337
    - hg:364:64:336:-310.60864:7.0503526
    - hg:356:64:333:-336.85925:8.10032
    - hg:344:64:333:-19.159668:10.95032
    - hg:336:64:336:-43.010498:7.050314
    - hg:333:64:344:-69.71094:9.450322
    - hg:333:64:356:-110.36157:6.7503085
    - hg:336:64:364:-134.3634:6.0003204
