world: world
x: -1240.9653866877075
y: 50.85296438576288
z: 294.6718689339966
yaw: 101.96776
pitch: 74.10055
name: drowned
lastowner: d2b085ff-98ac-30bb-94b9-4276760f21bc
