world: world_nether
x: 0.5189878376687338
y: 243.0
z: 0.43459628673734585
yaw: 89.61102
pitch: 90.0
name: gold
lastowner: d2b085ff-98ac-30bb-94b9-4276760f21bc
