world: world_nether
x: 3.467135864627784
y: 231.0
z: 0.5569842597573582
yaw: 92.01597
pitch: 0.1503334
name: gold
lastowner: d2b085ff-98ac-30bb-94b9-4276760f21bc
