world: world
x: -209.4975440400033
y: 99.0
z: -251.56236005056292
yaw: -88.651474
pitch: -0.30033803
name: spawnvillage
lastowner: d2b085ff-98ac-30bb-94b9-4276760f21bc
