lastAccountName: TheBlartster
timestamps:
  login: 1586505384404
  logout: 1586505389910
ipAddress: 127.0.0.1
money: '1900.0'
logoutlocation:
  world: world
  x: -3.4967845754280877
  y: 5.0
  z: -7.623031868100249
  yaw: 27.900162
  pitch: 5.881902
