lastAccountName: SovietPhenix
timestamps:
  login: 1591914430688
  logout: 1591914542757
  lastteleport: 1591660219012
ipAddress: 127.0.0.1
lastlocation:
  world: world
  x: 522.8805255086675
  y: 62.0
  z: -303.9921882904859
  yaw: 267.74146
  pitch: 22.0501
money: '0.0'
logoutlocation:
  world: world
  x: 385.449608795027
  y: 64.0
  z: -318.18320234312324
  yaw: -158.11945
  pitch: 2.6999722
homes:
  home:
    world: world
    x: 489.9686547719931
    y: 79.0
    z: -318.5557578153703
    yaw: -89.85791
    pitch: 34.950096
  map:
    world: world
    x: 520.9698516375548
    y: 145.0
    z: -227.4617584602975
    yaw: -159.46643
    pitch: 19.500021
  train:
    world: world
    x: 390.84130343441313
    y: 64.0
    z: -315.3846709023726
    yaw: 314.07843
    pitch: 20.400017
  storage:
    world: world
    x: 536.6876818751521
    y: 63.0
    z: -311.09175034078453
    yaw: -3.1578064
    pitch: 6.900094
afk: false
