lastAccountName: SovietPhenix
timestamps:
  login: 1591483703598
  logout: 1591483875083
  lastteleport: 1591423107074
ipAddress: 127.0.0.1
lastlocation:
  world: world
  x: 381.1276380334927
  y: 62.0
  z: -326.7560869692658
  yaw: 4.030182
  pitch: 12.000125
money: '0.0'
logoutlocation:
  world: world
  x: 366.81656294446293
  y: 71.0
  z: -333.5076571613645
  yaw: 203.38017
  pitch: 21.900028
homes:
  home:
    world: world
    x: 489.9686547719931
    y: 79.0
    z: -318.5557578153703
    yaw: -89.85791
    pitch: 34.950096
  map:
    world: world
    x: 520.9698516375548
    y: 145.0
    z: -227.4617584602975
    yaw: -159.46643
    pitch: 19.500021
  train:
    world: world
    x: 390.84130343441313
    y: 64.0
    z: -315.3846709023726
    yaw: 314.07843
    pitch: 20.400017
  storage:
    world: world
    x: 536.6876818751521
    y: 63.0
    z: -311.09175034078453
    yaw: -3.1578064
    pitch: 6.900094
afk: false
