lastAccountName: GemmaGemGem
timestamps:
  login: 1590519413779
  logout: 1590521552425
ipAddress: 127.0.0.1
money: '500.0'
lastlocation:
  world: world
  x: -210.0
  y: 99.0
  z: -252.0
  yaw: -89.39999
  pitch: -6.5999975
logoutlocation:
  world: world
  x: 6219.511903206782
  y: 60.0
  z: 4899.699999988079
  yaw: -279.75018
  pitch: 36.750065
