lastAccountName: dudesentee
timestamps:
  login: 1591463254782
  logout: 1591463261382
  lastteleport: 1590944107871
ipAddress: 127.0.0.1
logoutlocation:
  world: SurvivalStructures
  x: -173.6615866932147
  y: 4.0
  z: -191.48463006809615
  yaw: -26.700075
  pitch: 7.9499784
lastlocation:
  world: world
  x: -1240.5
  y: 38.0
  z: 294.5
  yaw: -80.43229
  pitch: -5.2494245
money: '222.0'
afk: false
homes:
  home:
    world: world
    x: 2407.300000011921
    y: 64.0
    z: 8147.225412565554
    yaw: -84.59918
    pitch: -10.949948
