lastAccountName: dudesentee
timestamps:
  login: 1592018247256
  logout: 1592019281846
  lastteleport: 1590944107871
ipAddress: 127.0.0.1
logoutlocation:
  world: world
  x: 2633.5700519704333
  y: 75.99955961239371
  z: 8104.28529933745
  yaw: -82.20148
  pitch: 16.950008
lastlocation:
  world: world
  x: 2633.5700519704333
  y: 75.99955961239371
  z: 8104.28529933745
  yaw: -82.20148
  pitch: 16.950008
money: '222.0'
afk: false
homes:
  home:
    world: world
    x: 2407.300000011921
    y: 64.0
    z: 8147.225412565554
    yaw: -84.59918
    pitch: -10.949948
