lastAccountName: VEX_Jiarg
timestamps:
  login: 1591482255250
  logout: 1591482248795
  lastteleport: 1591481852567
ipAddress: 127.0.0.1
lastlocation:
  world: world
  x: 309.58873786475846
  y: 106.98237262986571
  z: -402.78335450645926
  yaw: 83.717125
  pitch: 42.299847
logoutlocation:
  world: world
  x: -202.5919871103674
  y: 75.5832115521213
  z: -163.85316750953157
  yaw: -279.6211
  pitch: 21.749714
homes:
  home:
    world: world
    x: 510.56435814156
    y: 80.0
    z: -316.1537127186267
    yaw: -179.54742
    pitch: 3.3006592
  sky:
    world: world
    x: 523.6096425627213
    y: 256.0
    z: -233.4659795295892
    yaw: 96.78955
    pitch: 30.899433
  chair:
    world: world
    x: 523.6014278455125
    y: 146.0
    z: -239.69999998807907
    yaw: -359.65945
    pitch: 4.649668
money: '500.0'
afk: true
