lastAccountName: VEX_Jiarg
timestamps:
  login: 1591914278703
  logout: 1591914281574
  lastteleport: 1591488885310
ipAddress: 127.0.0.1
lastlocation:
  world: world_nether
  x: 230.1462939965346
  y: 38.685718290024965
  z: 122.02759695738881
  yaw: 106.8139
  pitch: 31.650167
logoutlocation:
  world: world
  x: 519.7200989464718
  y: 82.99318299524921
  z: -319.96952258355293
  yaw: -111.1604
  pitch: 25.200525
homes:
  home:
    world: world
    x: 510.56435814156
    y: 80.0
    z: -316.1537127186267
    yaw: -179.54742
    pitch: 3.3006592
  sky:
    world: world
    x: 523.6096425627213
    y: 256.0
    z: -233.4659795295892
    yaw: 96.78955
    pitch: 30.899433
  chair:
    world: world
    x: 523.6014278455125
    y: 146.0
    z: -239.69999998807907
    yaw: -359.65945
    pitch: 4.649668
money: '500.0'
afk: false
