lastAccountName: Charlieseeese
timestamps:
  login: 1586991169942
  logout: 1586991479579
ipAddress: 127.0.0.1
lastlocation:
  world: world
  x: -23.341745132022492
  y: 8.0
  z: -23.587481133313812
  yaw: 268.20056
  pitch: -3.1500006
money: '500.0'
logoutlocation:
  world: world
  x: -34.63934694104387
  y: 13.0
  z: -25.71541133698851
  yaw: -353.57727
  pitch: 42.300163
