lastAccountName: SovietPhenix
timestamps:
  login: 1591483040537
  logout: 1591483703267
  lastteleport: 1591483225426
ipAddress: 127.0.0.1
money: '0.0'
logoutlocation:
  world: Paradise
  x: 5.080771006866355
  y: 104.99293399143968
  z: 31.99771446598715
  yaw: 281.8482
  pitch: 0.8999995
lastlocation:
  world: world
  x: -23.5
  y: 8.0
  z: -23.5
  yaw: 98.85001
  pitch: 13.500001
