lastAccountName: Thany
timestamps:
  login: 1584898919666
  logout: 1584899267449
ipAddress: 127.0.0.1
lastlocation:
  world: world
  x: -23.341745132022492
  y: 8.0
  z: -23.587481133313812
  yaw: 268.20056
  pitch: -3.1500006
money: '0.0'
logoutlocation:
  world: world
  x: -44.69999998807907
  y: 13.0
  z: -23.798893250078507
  yaw: 102.28848
  pitch: 18.900032
