lastAccountName: GemmaGemGem
timestamps:
  login: 1590519197246
  logout: 1590519337779
ipAddress: 127.0.0.1
lastlocation:
  world: world
  x: -41.01325091234999
  y: 13.0
  z: -24.86764410057113
  yaw: 193.65
  pitch: 11.100014
money: '500.0'
logoutlocation:
  world: Paradise
  x: -2.7571564343437287
  y: 143.07119154077984
  z: -4.640571573306726
  yaw: 180.44879
  pitch: 34.949787
