lastAccountName: FizzWafffle
timestamps:
  login: 1586991196544
  logout: 1586991480528
ipAddress: 127.0.0.1
lastlocation:
  world: world
  x: -23.341745132022492
  y: 8.0
  z: -23.587481133313812
  yaw: 268.20056
  pitch: -3.1500006
money: '500.0'
logoutlocation:
  world: world
  x: -29.542699925498585
  y: 13.0
  z: -3.7803068959693937
  yaw: 277.12714
  pitch: 26.925951
