lastAccountName: dudesentee
timestamps:
  login: 1591482911201
  logout: 1591483875805
  lastteleport: 1584251435122
ipAddress: 127.0.0.1
logoutlocation:
  world: Paradise
  x: 6.30528488168747
  y: 111.41035920037835
  z: 91.21590759188985
  yaw: -215.39502
  pitch: 10.050053
lastlocation:
  world: world
  x: -18.184337922638964
  y: 10.5
  z: -23.596368508977807
  yaw: 269.70068
  pitch: -3.4500008
money: '222.0'
afk: false
