lastAccountName: VEX_Jiarg
timestamps:
  login: 1592018548358
  logout: 1592018563976
  lastteleport: 1592014458185
ipAddress: 127.0.0.1
lastlocation:
  world: world
  x: -23.5
  y: 8.0
  z: -23.5
  yaw: 90.29768
  pitch: 20.399975
logoutlocation:
  world: world
  x: -12.65863083850885
  y: 13.0
  z: -28.732327219542505
  yaw: 337.497
  pitch: 20.09998
money: '500.0'
afk: false
